0:
	r[5] = r[5] + 16

1:
	r[4] = 1

2:
	r[3] = 1

3:
	r[1] = r[4] * r[3]

4:
	if r[1] == r[2]: # r[1] == 10551430
		r[1] = 1
	else:
		r[1] = 0

5:
	r[5] = r[1] + r[5]

6:
	r[5] = r[5] + 1

7:
	r[0] = r[4] + r[0]

8:
	r[3] = r[3] + 1

9:
	if r[3] > r[2]:
		r[1] = 1
	else:
		r[1] = 0

10:
	r[5] = r[5] + r[1]

11:
	r[5] = 2

12:
	r[4] = r[4] + 1

13:
	if r[4] > r[2]:
		r[1] = 1
	else:
		r[1] = 0

14:
	r[5] = r[1] + r[5]

15:
	r[5] = 1

16:
	r[5] = r[5] * r[5]

17:
	r[2] = r[2] + 2

18:
	r[2] = r[2] * r[2]

19:
	r[2] = r[5] * r[2]

20:
	r[2] = r[2] * 11

21:
	r[1] = r[1] + 8

22:
	r[1] = r[1] * r[5]

23:
	r[1] = r[1] + 18

24:
	r[2] = r[2] + r[1]

25:
	r[5] = r[5] + r[0]

26:
	r[5] = 0

27:
	r[1] = r[5]

28:
	r[1] = r[1] * r[5]

29:
	r[1] = r[5] + r[1]

30:
	r[1] = r[5] * r[1]

31:
	r[1] = r[1] * 14

32:
	r[1] = r[1] * r[5]

33:
	r[2] = r[2] + r[1]

34:
	r[0] = 0

35:
	r[5] = 0

0

run
------------------------------------------------------------
$ go run .| more
pointer0 [1 0 0 0 0 0]	[1 0 0 0 0 17]
pointer17 [1 0 0 0 0 17]	[1 0 2 0 0 18]
pointer18 [1 0 2 0 0 18]	[1 0 4 0 0 19]
pointer19 [1 0 4 0 0 19]	[1 0 76 0 0 20]
pointer20 [1 0 76 0 0 20]	[1 0 836 0 0 21]
pointer21 [1 0 836 0 0 21]	[1 8 836 0 0 22]
pointer22 [1 8 836 0 0 22]	[1 176 836 0 0 23]
pointer23 [1 176 836 0 0 23]	[1 194 836 0 0 24]
pointer24 [1 194 836 0 0 24]	[1 194 1030 0 0 25]
pointer25 [1 194 1030 0 0 25]	[1 194 1030 0 0 27]
pointer27 [1 194 1030 0 0 27]	[1 27 1030 0 0 28]
pointer28 [1 27 1030 0 0 28]	[1 756 1030 0 0 29]
pointer29 [1 756 1030 0 0 29]	[1 785 1030 0 0 30]
pointer30 [1 785 1030 0 0 30]	[1 23550 1030 0 0 31]
pointer31 [1 23550 1030 0 0 31]	[1 329700 1030 0 0 32]
pointer32 [1 329700 1030 0 0 32]	[1 10550400 1030 0 0 33]
pointer33 [1 10550400 1030 0 0 33]	[1 10550400 10551430 0 0 34]
pointer34 [1 10550400 10551430 0 0 34]	[0 10550400 10551430 0 0 35]
pointer35 [0 10550400 10551430 0 0 35]	[0 10550400 10551430 0 0 1]
pointer1 [0 10550400 10551430 0 0 1]	[0 10550400 10551430 0 1 2]
pointer2 [0 10550400 10551430 0 1 2]	[0 10550400 10551430 1 1 3]
pointer3 [0 10550400 10551430 1 1 3]	[0 1 10551430 1 1 4]
pointer4 [0 1 10551430 1 1 4]	[0 0 10551430 1 1 5]
pointer5 [0 0 10551430 1 1 5]	[0 0 10551430 1 1 6]
pointer6 [0 0 10551430 1 1 6]	[0 0 10551430 1 1 8]
pointer8 [0 0 10551430 1 1 8]	[0 0 10551430 2 1 9]
pointer9 [0 0 10551430 2 1 9]	[0 0 10551430 2 1 10]
pointer10 [0 0 10551430 2 1 10]	[0 0 10551430 2 1 11]
pointer11 [0 0 10551430 2 1 11]	[0 0 10551430 2 1 3]
pointer3 [0 0 10551430 2 1 3]	[0 2 10551430 2 1 4]
pointer4 [0 2 10551430 2 1 4]	[0 0 10551430 2 1 5]
pointer5 [0 0 10551430 2 1 5]	[0 0 10551430 2 1 6]
pointer6 [0 0 10551430 2 1 6]	[0 0 10551430 2 1 8]
pointer8 [0 0 10551430 2 1 8]	[0 0 10551430 3 1 9]
pointer9 [0 0 10551430 3 1 9]	[0 0 10551430 3 1 10]
pointer10 [0 0 10551430 3 1 10]	[0 0 10551430 3 1 11]
pointer11 [0 0 10551430 3 1 11]	[0 0 10551430 3 1 3]
pointer3 [0 0 10551430 3 1 3]	[0 3 10551430 3 1 4]
pointer4 [0 3 10551430 3 1 4]	[0 0 10551430 3 1 5]
pointer5 [0 0 10551430 3 1 5]	[0 0 10551430 3 1 6]
pointer6 [0 0 10551430 3 1 6]	[0 0 10551430 3 1 8]
pointer8 [0 0 10551430 3 1 8]	[0 0 10551430 4 1 9]
pointer9 [0 0 10551430 4 1 9]	[0 0 10551430 4 1 10]
pointer10 [0 0 10551430 4 1 10]	[0 0 10551430 4 1 11]
pointer11 [0 0 10551430 4 1 11]	[0 0 10551430 4 1 3]
pointer3 [0 0 10551430 4 1 3]	[0 4 10551430 4 1 4]
pointer4 [0 4 10551430 4 1 4]	[0 0 10551430 4 1 5]
pointer5 [0 0 10551430 4 1 5]	[0 0 10551430 4 1 6]
pointer6 [0 0 10551430 4 1 6]	[0 0 10551430 4 1 8]
